mean:
  Air_Flow_Ratio: 0.06353747500438013
  Encostramiento_Risk: 0.5022269365672243
  Evap_Eff_Index: 0.11864896167114315
  Evap_Eff_Index_delta_10: 0.001208345615377198
  Evap_Eff_Index_delta_30: 0.0036144070475272274
  Evap_Eff_Index_delta_60: 0.0072336729451357605
  Evap_Eff_Index_lag_10: 0.11805146601679513
  Evap_Eff_Index_lag_30: 0.1168534223997285
  Evap_Eff_Index_lag_60: 0.11504007811025455
  Kg_embutido: 806.8128056317457
  N_fan_Hz: 37.94775822855909
  N_fan_Hz_delta_10: -1.5657992699919443
  N_fan_Hz_delta_30: -1.2105553138187586
  N_fan_Hz_delta_60: -3.1219573531844493
  N_fan_Hz_lag_10: 38.69196943655857
  N_fan_Hz_lag_30: 38.58187998694065
  N_fan_Hz_lag_60: 39.50921866556942
  P_comp_W: 999.2743536005272
  RH_cab: 77.75836081707223
  RH_cab_delta_10: 0.27828019841015283
  RH_cab_delta_30: 0.8266502150608857
  RH_cab_delta_60: 1.6524241368702093
  RH_cab_lag_10: 77.62007644143196
  RH_cab_lag_30: 77.34757840666035
  RH_cab_lag_60: 76.9324417642116
  RH_error: 2.758360817072228
  RH_roll_mean_20: 77.55967947017021
  Specific_Power_Load: 1.3981646657095366
  T_amb: 22.005208023458568
  T_cab: 15.100078196990857
  T_cab_delta_10: -0.0012457674227678666
  T_cab_delta_30: -0.0007552257182897656
  T_cab_delta_60: -3.8434982370071105e-05
  T_cab_lag_10: 15.101038370109409
  T_cab_lag_30: 15.099970302770009
  T_cab_lag_60: 15.09954063748872
  T_evap_sat: 5.849884171922086
  T_set: 14.0
  VPD: 0.38136577895627677
std:
  Air_Flow_Ratio: 0.05087803572939945
  Encostramiento_Risk: 0.25156345232531196
  Evap_Eff_Index: 0.025670617771733715
  Evap_Eff_Index_delta_10: 0.005008452914140059
  Evap_Eff_Index_delta_30: 0.007656920391931788
  Evap_Eff_Index_delta_60: 0.013031101581764777
  Evap_Eff_Index_lag_10: 0.024569404933252933
  Evap_Eff_Index_lag_30: 0.022319012672280276
  Evap_Eff_Index_lag_60: 0.018805499020260314
  Kg_embutido: 376.52618253753184
  N_fan_Hz: 16.511225996635634
  N_fan_Hz_delta_10: 24.813439893350626
  N_fan_Hz_delta_30: 15.580334804211203
  N_fan_Hz_delta_60: 25.11258883646962
  N_fan_Hz_lag_10: 16.339515964047127
  N_fan_Hz_lag_30: 15.828187450387215
  N_fan_Hz_lag_60: 15.142966496323895
  P_comp_W: 327.8662683075365
  RH_cab: 9.671791730945928
  RH_cab_delta_10: 1.3951885579812349
  RH_cab_delta_30: 2.72623722338491
  RH_cab_delta_60: 5.088345883161368
  RH_cab_lag_10: 9.188238679158003
  RH_cab_lag_30: 8.231581537408013
  RH_cab_lag_60: 6.78608706709322
  RH_error: 9.671791730945928
  RH_roll_mean_20: 9.060367051846667
  Specific_Power_Load: 0.5034229052665704
  T_amb: 0.9959492455577004
  T_cab: 0.6215567331622002
  T_cab_delta_10: 0.42595866417390277
  T_cab_delta_30: 0.42277046782932154
  T_cab_delta_60: 0.4257230814517427
  T_cab_lag_10: 0.621121021613582
  T_cab_lag_30: 0.621004566494452
  T_cab_lag_60: 0.6203289421130893
  T_evap_sat: 2.6881967662199595
  T_set: 0.0
  VPD: 0.16520369659042297
