encostramiento_risk: 0.8052294467945171
fan_fail_hz: 12.478972977602213
