cf_high: 10.373430471256667
drift_limit: 2.3959587811108056
eff_vol_limit: 0.866429005340892
nc_low: -0.26794357737568647
uc_p_gate: 3.755581294842462
